3
30
128.616
[0, 1, 2, 0, 2, 1, 0, 1, 2, 0, 2, 1, 1, 0, 1, 2, 0, 1, 2, 0, 1, 2, 0, 1, 2, 0, 1, 0, 2, 1]
[0, 0, 0, 0, 0, 0, 0, 0, 0, 0, 0, 0, 0, 0, 0, 0, 0, 0, 0, 0, 0, 0, 0, 0, 0, 0, 0, 0, 0, 0]
[0.0, 0.0, 0.0, 6.547, 14.343, 14.249, 20.889, 28.498, 28.217, 35.232, 42.466, 42.372, 57.09, 49.762, 63.574, 56.434, 64.293, 70.777, 71.151, 71.527, 77.26, 78.401, 78.87, 83.713, 85.651, 86.213, 90.166, 93.556, 92.9, 96.619]
[6.524, 14.234, 14.334, 14.334, 13.873, 14.234, 14.334, 13.873, 14.234, 14.528, 13.955, 14.715, 6.481, 14.528, 7.196, 14.715, 7.221, 6.481, 7.24, 7.342, 6.442, 7.24, 7.342, 6.442, 7.24, 7.342, 6.442, 14.349, 28.071, 31.994]
[0, 12, 21, 10, 25, 23, 6, 27, 17, 4, 29, 15, 20, 19, 9, 8, 11, 22, 5, 16, 24, 3, 14, 26, 7, 18, 28, 1, 13, 2]
[10, 11, 9]
[30.058, 4.936, 13.667]
