2018-07-22:21:50:37
[[ 7.234 14.334 14.334]
 [ 6.994 14.234 14.234]
 [ 6.524 13.873 13.873]]
2018-07-22:21:50:37
[[14.334 14.334 14.334]
 [14.234 14.234 14.234]
 [13.873 13.873 13.873]]
2018-07-22:21:50:37
[[14.334 14.334 14.334]
 [14.234 14.234 14.234]
 [13.873 13.873 13.873]]
2018-07-22:21:50:37
[[14.528 14.528 14.528]
 [14.715 14.715 14.715]
 [13.955 13.955 13.955]]
2018-07-22:21:50:37
[[14.528 14.528  7.196]
 [14.715 14.715  7.221]
 [13.955 13.955  6.481]]
2018-07-22:21:50:37
[[7.196 7.196 7.196]
 [7.221 7.221 7.221]
 [6.481 6.481 6.481]]
2018-07-22:21:50:37
[[7.24  7.24  7.24 ]
 [7.342 7.342 7.342]
 [6.442 6.442 6.442]]
2018-07-22:21:50:37
[[7.24  7.24  7.24 ]
 [7.342 7.342 7.342]
 [6.442 6.442 6.442]]
2018-07-22:21:50:37
[[7.24  7.24  7.24 ]
 [7.342 7.342 7.342]
 [6.442 6.442 6.442]]
2018-07-22:21:50:37
[[14.631 28.071 28.071]
 [14.349 33.164 33.164]
 [13.868 31.994 31.994]]
