3
30
125.447
[0, 1, 2, 0, 1, 2, 0, 1, 2, 0, 2, 1, 2, 0, 2, 1, 0, 2, 0, 1, 2, 0, 1, 2, 0, 1, 2, 2, 1, 0]
[0, 0, 0, 0, 0, 0, 0, 0, 0, 0, 0, 0, 0, 0, 0, 0, 0, 0, 0, 0, 0, 0, 0, 0, 0, 0, 0, 0, 0, 0]
[0.0, 0.0, 0.0, 7.244, 13.878, 14.237, 21.58, 28.122, 28.122, 35.828, 42.468, 41.999, 56.436, 50.358, 62.92, 56.717, 64.888, 70.122, 72.122, 71.435, 76.606, 78.575, 78.684, 83.95, 85.028, 85.934, 91.293, 98.636, 92.387, 92.277]
[7.234, 13.873, 14.234, 14.334, 14.234, 13.873, 14.234, 13.873, 14.334, 14.528, 13.955, 14.715, 6.481, 14.528, 7.196, 14.715, 7.221, 6.481, 6.442, 7.24, 7.342, 6.442, 7.24, 7.342, 7.24, 6.442, 7.342, 13.868, 28.071, 33.164]
[0, 21, 12, 10, 23, 25, 6, 27, 17, 15, 29, 4, 20, 8, 22, 19, 9, 11, 16, 24, 5, 14, 26, 3, 18, 28, 7, 1, 13, 2]
[10, 9, 11]
[29.56, 6.68, 12.039]
